   0.0062985998
   0.0058953458
   0.0005015850
  -0.0002314749
  -0.0012023764
   0.0106894683
  -0.0016979147
  -0.0175843999
  -0.0179949356
  -0.0402687639
  -0.0252473768
  -0.0262608630
  -0.0497548190
  -0.0468623296
  -0.0171631473
  -0.0455210298
  -0.0556151632
  -0.0455280335
  -0.0404494459
  -0.0551245715
  -0.0496632966
  -0.0292279174
  -0.0448453633
  -0.0523930345
  -0.0212426616
  -0.0420615437
   0.0113225841
   0.0298637726
   0.0102327599
   0.0261817246
   0.0354112078
   0.0255240358
   0.0013442040
   0.0355205680
   0.0299476555
   0.0193442652
  -0.0075026917
   0.0297279108
   0.0109728607
   0.0100279657
   0.0124458400
   0.0027666874
   0.0045413267
   0.0112324772
   0.0133705411
   0.0181537249
   0.0107955592
   0.0139971049
   0.0138050912
   0.0138613374
   0.0193440935
   0.0138187328
   0.0138738523
   0.0124220856
   0.0133300720
   0.0134707921
   0.0132727273
   0.0063338596
  -0.0114501242
   0.0084212130
   0.0107428264
   0.0040492085
   0.0070337480
   0.0119702364
   0.0060078115
   0.0108912081
   0.0131701857
   0.0178519483
   0.0050314397
   0.0096146063
   0.0114014861
   0.0146440449
   0.0035069650
   0.0063394817
   0.0020727754
  -0.0059787769
   0.0022689324
   0.0025600760
  -0.0165174056
  -0.0025457951
   0.0014843259
   0.0007031730
  -0.0236897966
  -0.0076257821
  -0.0027622280
  -0.0320299512
  -0.0186955485
  -0.0074227826
  -0.0027069271
  -0.0009258569
  -0.0020279254
  -0.0050790956
   0.0004948214
   0.0023248232
   0.0029719571
   0.0021361735
   0.0052305744
   0.0008613713
  -0.0011771985
  -0.0195980037
  -0.0048213868
  -0.0023777044
  -0.0010871186
   0.0070562564
   0.0141229016
   0.0126446408
   0.0160807546
  -0.0109091917
  -0.0125197546
  -0.0270586887
  -0.0191831725
  -0.0357118902
  -0.0335361969
  -0.0298450149
  -0.0411905300
  -0.0390857795
  -0.0140143775
  -0.0337558985
  -0.0430937462
  -0.0405976597
  -0.0157346908
  -0.0333244117
  -0.0425783912
  -0.0381255972
   0.0002076877
  -0.0230060846
  -0.0340914276
  -0.0388444493
  -0.0168381932
  -0.0305992071
   0.0078894600
   0.0212360401
   0.0100209345
   0.0206319493
   0.0269479264
   0.0198814846
   0.0045230619
   0.0278940301
   0.0262852253
   0.0203396976
   0.0079160777
   0.0249504829
   0.0273959957
   0.0189387158
   0.0109570359
  -0.0074788632
   0.0196430185
   0.0027426495
   0.0077191783
   0.0098869905
   0.0040971185
   0.0017373149
   0.0064306615
   0.0097172795
   0.0107085732
   0.0144173376
   0.0117999815
   0.0057696043
   0.0095570295
   0.0113499766
   0.0116013680
   0.0122103477
   0.0139332168
   0.0127672026
   0.0119503273
   0.0136178449
   0.0119564025
   0.0127306415
   0.0152390901
   0.0131607480
   0.0117790199
   0.0115794383
   0.0121814537
   0.0083607161
  -0.0011528777
   0.0101374401
   0.0104604078
   0.0100569318
   0.0037334901
  -0.0074721482
   0.0068531484
   0.0074415238
   0.0021538320
   0.0029574802
   0.0071231184
   0.0107584071
   0.0020198734
   0.0062305892
   0.0092023252
   0.0113945584
   0.0014709365
   0.0054411860
   0.0083282182
   0.0100512712
   0.0118637894
   0.0006493992
   0.0045979022
   0.0071714663
   0.0085648368
   0.0032172351
   0.0045892793
   0.0008531822
  -0.0067151828
  -0.0011644298
   0.0015612138
   0.0023491358
  -0.0183190043
  -0.0057078515
  -0.0003880626
   0.0009245664
   0.0008248306
  -0.0172757397
  -0.0064425360
  -0.0021778135
  -0.0010637308
  -0.0129041575
  -0.0061219338
  -0.0231440700
  -0.0113216147
  -0.0060579647
  -0.0088080020
  -0.0228055942
  -0.0172507599
  -0.0084752250
  -0.0035178713
  -0.0012115790
  -0.0000249936
   0.0012615332
  -0.0027369865
  -0.0057580272
  -0.0022580235
   0.0004654743
   0.0015217212
   0.0015062980
   0.0001949690
   0.0048927596
   0.0013755538
  -0.0015307571
  -0.0084082574
  -0.0044231764
  -0.0020667717
   0.0005357719
   0.0011794942
   0.0031317499
   0.0051275936
   0.0117365189
   0.0112463986
   0.0146120207
   0.0115999780
  -0.0067587094
  -0.0086306089
  -0.0199984941
  -0.0108253472
  -0.0254771735
  -0.0280844006
  -0.0204719588
  -0.0310958776
  -0.0326355970
  -0.0084522879
  -0.0243021623
  -0.0332282739
  -0.0341562947
  -0.0105842480
  -0.0240087987
  -0.0327368242
  -0.0328221870
   0.0019510784
  -0.0167791306
  -0.0262004898
  -0.0301192758
  -0.0229016793
   0.0058964353
   0.0167770948
   0.0069894446
   0.0168799891
   0.0214978074
   0.0160004290
   0.0049383956
   0.0227636377
   0.0208687114
   0.0160851670
   0.0067432979
   0.0210115598
   0.0221996479
   0.0145985670
   0.0083957480
  -0.0047693089
   0.0158196186
   0.0010463903
   0.0062770457
   0.0085864161
   0.0031307614
   0.0006960682
   0.0050637149
   0.0081210907
   0.0091460479
   0.0135218366
   0.0089993187
   0.0099717849
   0.0102505700
   0.0111562723
   0.0112230220
   0.0108490339
   0.0121629541
   0.0144770867
   0.0110240053
   0.0102071628
   0.0101988728
   0.0110661483
   0.0073344895
   0.0087371742
   0.0088335121
   0.0085102258
   0.0026324766
  -0.0081013181
   0.0054883658
   0.0059833360
   0.0010847701
   0.0062429600
   0.0098333195
   0.0033018399
   0.0062085086
   0.0083705901
   0.0105921855
   0.0026297539
   0.0054224614
   0.0074328190
   0.0089243848
   0.0110896458
   0.0019503072
   0.0046607864
   0.0064296745
   0.0078871637
   0.0028031992
   0.0003111914
  -0.0074080317
  -0.0021411810
   0.0008164164
   0.0022597568
  -0.0227330129
  -0.0091313336
  -0.0027715690
  -0.0002078414
   0.0005465187
  -0.0222056964
  -0.0094167062
  -0.0039806953
  -0.0017750751
  -0.0009684521
  -0.0077579461
  -0.0138548843
  -0.0198191644
  -0.0110903972
  -0.0054455557
  -0.0024506309
  -0.0008030307
   0.0005116209
  -0.0035303302
  -0.0067130842
  -0.0032667692
  -0.0004038837
   0.0008979049
   0.0008903331
  -0.0008335151
   0.0044757998
   0.0016237309
   0.0007352706
   0.0000027903
  -0.0160036720
  -0.0044502887
  -0.0023985144
  -0.0005614266
  -0.0025840839
  -0.0008112197
   0.0068013688
   0.0010859218
   0.0025685795
   0.0038584458
   0.0132912893
   0.0099617084
   0.0099231524
   0.0108880351
   0.0146048199
  -0.0041553523
  -0.0061273185
  -0.0140092244
  -0.0058012091
  -0.0169398924
  -0.0211301055
  -0.0173783803
  -0.0130201174
  -0.0223758421
  -0.0255800232
  -0.0112445829
  -0.0213324469
  -0.0268887630
  -0.0274788622
  -0.0082782972
  -0.0191615253
  -0.0262099971
  -0.0282914195
  -0.0250446172
  -0.0035567874
  -0.0102246627
  -0.0188034017
  -0.0252443392
  -0.0268344167
  -0.0008153666
  -0.0136706867
  -0.0206760893
  -0.0232992032
  -0.0176079823
   0.0046568855
   0.0126545380
   0.0049239922
   0.0131945807
   0.0168895351
   0.0122056968
   0.0033091845
   0.0182432604
   0.0177626158
   0.0139632613
   0.0070557582
  -0.0039862587
   0.0186832282
   0.0191357981
   0.0152706150
   0.0112852971
   0.0039258341
   0.0163414745
   0.0166824202
   0.0089894617
   0.0034908651
   0.0103634487
   0.0052752327
   0.0071771225
   0.0029972901
   0.0010234679
   0.0042360953
   0.0067767145
   0.0077290801
   0.0108265480
   0.0088463374
   0.0051769327
   0.0074594349
   0.0084815286
   0.0089390905
   0.0096688474
   0.0096791350
   0.0095977082
   0.0100060099
   0.0119786799
   0.0094730910
   0.0096690978
   0.0112075485
   0.0104967437
   0.0087483717
   0.0085613057
   0.0086342696
   0.0090934694
   0.0049397109
   0.0069644728
   0.0070746341
   0.0066099198
   0.0015323529
  -0.0065042997
   0.0041005590
   0.0044511333
   0.0004242143
   0.0055379789
   0.0029350494
   0.0052620567
   0.0072384356
   0.0094762344
   0.0034527781
   0.0054673879
   0.0070473004
   0.0085576736
   0.0029208958
   0.0048747822
   0.0063390012
   0.0076579413
   0.0013231449
   0.0034613501
   0.0049855972
   0.0063211281
   0.0000626496
  -0.0059172919
  -0.0023151435
   0.0003974527
   0.0021244492
  -0.0172810178
  -0.0079912791
  -0.0028707486
  -0.0004629995
   0.0006293935
  -0.0105044390
  -0.0047306098
  -0.0019671996
  -0.0007066185
  -0.0132304249
  -0.0066748094
  -0.0035753154
  -0.0137732294
  -0.0075948078
  -0.0042540518
  -0.0162515875
  -0.0149540689
  -0.0092355656
  -0.0048298834
  -0.0022066591
  -0.0006258651
   0.0006023382
  -0.0033519456
  -0.0059255634
  -0.0033875496
  -0.0008666308
   0.0004131089
   0.0002592952
  -0.0014036288
