    0.0110092484
    0.0113200605
    0.0142017225
    0.0084545905
    0.0148106404
    0.0152890803
    0.0110092484
    0.0113200605
    0.0108424116
    0.0150301451
    0.0161122151
    0.0140091873
    0.0055503974
    0.0142562751
    0.0170830735
    0.0174095771
    0.0138869457
    0.0181343917
    0.0155867374
    0.0178307508
    0.0173646286
    0.0173646286
    0.0174095771
    0.0138869457
    0.0181343917
    0.0155867374
    0.0178307508
    0.0161122151
    0.0140091873
    0.0055503974
    0.0142562751
    0.0170830735
    0.0108424116
    0.0150301451
    0.0123689305
    0.0077088672
    0.0138396656
    0.0130176668
    0.0060758226
   -0.0157635362
    0.0138396656
    0.0130176668
    0.0060758226
   -0.0157635362
    0.0123689305
    0.0077088672
    0.0149090219
    0.0030157650
    0.0052745064
    0.0030157650
    0.0052745064
    0.0149090219
   -0.0006680161
    0.0130010346
   -0.0065807041
   -0.0132349632
   -0.0104096832
   -0.0219710534
   -0.0065412079
    0.0017748192
   -0.0202527533
   -0.0223716537
   -0.0104096832
   -0.0219710534
   -0.0065412079
    0.0130010346
   -0.0065807041
   -0.0132349632
   -0.0006680161
    0.0247879032
    0.0276882321
    0.0006722367
    0.0338182607
    0.0388246322
    0.0264579109
    0.0006722367
    0.0338182607
    0.0388246322
    0.0264579109
    0.0247879032
    0.0276882321
   -0.0185398855
   -0.0321461938
   -0.0378788183
   -0.0266382282
   -0.0263389869
   -0.0447395449
   -0.0472825356
   -0.0437828471
   -0.0288990243
   -0.0442623281
   -0.0502918748
   -0.0492416434
   -0.0450684469
   -0.0287716745
   -0.0263389869
   -0.0447395449
   -0.0472825356
   -0.0437828471
   -0.0288990243
   -0.0321461938
   -0.0378788183
   -0.0266382282
   -0.0185398855
    0.0090145415
    0.0074748859
    0.0120256658
    0.0120256658
    0.0090145415
    0.0074748859
    0.0131279469
    0.0069152359
    0.0117613693
    0.0132433070
    0.0135262835
    0.0116892236
    0.0078718657
    0.0126224057
    0.0142110308
    0.0138838945
    0.0117257679
    0.0119322352
    0.0135247383
    0.0124086479
    0.0142323508
    0.0135214726
    0.0135214726
    0.0138838945
    0.0117257679
    0.0119322352
    0.0135247383
    0.0124086479
    0.0142323508
    0.0135262835
    0.0116892236
    0.0078718657
    0.0126224057
    0.0142110308
    0.0131279469
    0.0069152359
    0.0117613693
    0.0132433070
    0.0063548298
   -0.0000756222
    0.0112275456
    0.0095692011
    0.0046260220
   -0.0080925203
    0.0116338697
    0.0106615586
    0.0073557809
   -0.0015719921
    0.0112275456
    0.0095692011
    0.0046260220
   -0.0080925203
    0.0063548298
   -0.0000756222
    0.0090439872
    0.0014335705
    0.0024984619
    0.0014335705
    0.0024984619
    0.0090439872
    0.0017719275
    0.0082905264
   -0.0026176198
   -0.0057490249
   -0.0061212191
   -0.0128613588
   -0.0039682224
   -0.0149691973
   -0.0127190483
   -0.0039682224
   -0.0149691973
   -0.0127190483
   -0.0061212191
   -0.0128613588
    0.0082905264
   -0.0026176198
   -0.0057490249
    0.0017719275
    0.0107796788
    0.0206723762
    0.0139958603
    0.0161536352
    0.0274845925
    0.0258023926
    0.0126880896
    0.0194882240
    0.0297700965
    0.0293287070
    0.0202269451
    0.0161536352
    0.0274845925
    0.0258023926
    0.0126880896
    0.0107796788
    0.0206723762
    0.0139958603
   -0.0131140531
   -0.0227932707
   -0.0276533851
   -0.0186148035
   -0.0181989603
   -0.0327698497
   -0.0359916382
   -0.0326676720
   -0.0197215333
   -0.0307391126
   -0.0386912934
   -0.0395637876
   -0.0369390351
   -0.0283325663
   -0.0020562445
   -0.0307391126
   -0.0386912934
   -0.0395637876
   -0.0369390351
   -0.0283325663
   -0.0020562445
   -0.0181989603
   -0.0327698497
   -0.0359916382
   -0.0326676720
   -0.0197215333
   -0.0227932707
   -0.0276533851
   -0.0186148035
   -0.0131140531
    0.0075376485
    0.0053383778
    0.0087017356
   -0.0039741834
    0.0106680385
    0.0103191031
    0.0005643223
    0.0084678681
    0.0109719063
    0.0109850641
    0.0106680385
    0.0087017356
   -0.0039741834
    0.0075376485
    0.0053383778
    0.0065334283
    0.0102137833
    0.0114150052
    0.0114111429
    0.0101608608
    0.0070407035
    0.0106241760
    0.0118156183
    0.0114058026
    0.0094956668
    0.0090697682
    0.0104921012
    0.0096862536
    0.0115130026
    0.0108551933
    0.0108551933
    0.0114058026
    0.0094956668
    0.0090697682
    0.0104921012
    0.0096862536
    0.0115130026
    0.0114111429
    0.0101608608
    0.0070407035
    0.0106241760
    0.0118156183
    0.0065334283
    0.0102137833
    0.0114150052
    0.0047345266
    0.0097493464
    0.0078174727
    0.0037835084
   -0.0056024477
    0.0099999287
    0.0086700264
    0.0057745873
   -0.0010422096
   -0.0173689646
    0.0097493464
    0.0078174727
    0.0037835084
   -0.0056024477
    0.0047345266
    0.0058624923
    0.0007543019
    0.0012386036
    0.0007543019
    0.0012386036
    0.0058624923
    0.0027432909
    0.0070974872
   -0.0003570160
   -0.0021995055
    0.0053943904
   -0.0057626687
   -0.0073489051
    0.0081539347
   -0.0051565779
   -0.0105289135
   -0.0064586117
    0.0081539347
   -0.0051565779
   -0.0105289135
   -0.0064586117
    0.0053943904
   -0.0057626687
   -0.0073489051
    0.0070974872
   -0.0003570160
   -0.0021995055
    0.0027432909
    0.0057823117
    0.0154106927
    0.0013820159
    0.0177687312
    0.0217842274
    0.0173922233
    0.0046390226
    0.0198100360
    0.0238990822
    0.0210350174
    0.0013820159
    0.0177687312
    0.0217842274
    0.0173922233
    0.0057823117
    0.0154106927
   -0.0095169332
   -0.0174348911
   -0.0217095773
   -0.0137015433
   -0.0112286571
   -0.0243046097
   -0.0288464655
   -0.0277559039
   -0.0208371684
   -0.0036918530
   -0.0214128358
   -0.0300840708
   -0.0323056781
   -0.0310402962
   -0.0259640587
   -0.0123567988
   -0.0214128358
   -0.0300840708
   -0.0323056781
   -0.0310402962
   -0.0259640587
   -0.0123567988
   -0.0112286571
   -0.0243046097
   -0.0288464655
   -0.0277559039
   -0.0208371684
   -0.0036918530
   -0.0174348911
   -0.0217095773
   -0.0137015433
   -0.0095169332
    0.0062384430
    0.0039508648
    0.0072914295
    0.0035219673
   -0.0031696691
    0.0094894181
    0.0082493660
    0.0090748722
    0.0028724532
    0.0097629599
    0.0090748722
    0.0028724532
    0.0097629599
    0.0094894181
    0.0082493660
    0.0072914295
    0.0035219673
   -0.0031696691
    0.0062384430
    0.0039508648
    0.0099407202
    0.0015853184
    0.0069127365
    0.0092530082
    0.0100324473
    0.0097877959
    0.0086922118
    0.0029815528
    0.0064868532
    0.0090894863
    0.0100644001
    0.0095065363
    0.0079942613
    0.0072395746
    0.0082366973
    0.0081484718
    0.0095176872
    0.0088799021
    0.0088799021
    0.0095065363
    0.0079942613
    0.0072395746
    0.0082366973
    0.0081484718
    0.0095176872
    0.0097877959
    0.0086922118
    0.0029815528
    0.0064868532
    0.0090894863
    0.0100644001
    0.0099407202
    0.0015853184
    0.0069127365
    0.0092530082
    0.0100324473
    0.0038055685
    0.0062101173
    0.0023830683
   -0.0053455096
    0.0087396102
    0.0072242744
    0.0046811426
   -0.0005047967
   -0.0115157938
    0.0087396102
    0.0072242744
    0.0046811426
   -0.0005047967
   -0.0115157938
    0.0062101173
    0.0023830683
   -0.0053455096
    0.0038055685
    0.0039996274
    0.0004056296
   -0.0053195293
    0.0006073965
    0.0039191696
    0.0004056296
   -0.0053195293
    0.0006073965
    0.0039191696
    0.0039996274
    0.0029760213
    0.0050152278
    0.0009130469
    0.0002870642
    0.0093857169
    0.0013409909
   -0.0037925357
   -0.0026307273
    0.0027181585
   -0.0045582958
   -0.0064223338
   -0.0015928389
    0.0068244889
   -0.0021713000
   -0.0068643953
   -0.0064452711
    0.0027181585
   -0.0045582958
   -0.0064223338
   -0.0015928389
    0.0093857169
    0.0013409909
   -0.0037925357
   -0.0026307273
    0.0050152278
    0.0009130469
    0.0002870642
    0.0029760213
    0.0037788362
    0.0108711728
    0.0125397782
    0.0160751990
    0.0129014202
    0.0104714106
    0.0175658729
    0.0184204615
    0.0144613004
    0.0104714106
    0.0175658729
    0.0184204615
    0.0144613004
    0.0125397782
    0.0160751990
    0.0129014202
    0.0037788362
    0.0108711728
   -0.0071141833
   -0.0129408294
   -0.0163600003
   -0.0101747952
   -0.0171556183
   -0.0218874282
   -0.0223089244
   -0.0188486371
   -0.0103294361
   -0.0147305507
   -0.0227268222
   -0.0257329599
   -0.0255951887
   -0.0226634961
   -0.0153473525
    0.0004879165
   -0.0214384249
   -0.0259104843
   -0.0270934685
   -0.0260732526
   -0.0226168155
   -0.0148243851
   -0.0147305507
   -0.0227268222
   -0.0257329599
   -0.0255951887
   -0.0226634961
   -0.0153473525
    0.0004879165
   -0.0171556183
   -0.0218874282
   -0.0223089244
   -0.0188486371
   -0.0103294361
   -0.0129408294
   -0.0163600003
   -0.0101747952
   -0.0071141833
