  -0.0040322163
   0.0063682424
  -0.0038178228
  -0.0037337314
  -0.0141300208
   0.0114027001
  -0.0039446410
  -0.0107808148
  -0.0129526981
  -0.0352106945
  -0.0227184146
  -0.0456926205
  -0.0426445566
  -0.0145756312
  -0.0419460572
  -0.0507568313
  -0.0368628602
  -0.0506912109
  -0.0234865129
  -0.0405206377
  -0.0478992101
  -0.0314984294
  -0.0150218873
  -0.0373756747
   0.0138786674
   0.0311008368
   0.0103781541
   0.0296616829
   0.0362172122
   0.0254096584
   0.0003343306
   0.0375204938
   0.0307033781
   0.0190326673
  -0.0088572976
   0.0320485319
   0.0119601490
   0.0090206403
   0.0125903704
   0.0040947359
   0.0033426351
   0.0093789977
   0.0114879850
   0.0201787768
   0.0104227439
   0.0106456427
   0.0125481558
   0.0217392233
   0.0104450773
   0.0125918999
   0.0138810650
   0.0104073188
   0.0109221204
   0.0121397375
   0.0065853834
  -0.0096855215
   0.0082607271
   0.0091540068
   0.0029031060
  -0.0226176896
  -0.0084910136
  -0.0221603113
  -0.0056772152
  -0.0034189617
  -0.0162052109
  -0.0029805743
  -0.0013530736
  -0.0121670577
  -0.0032220582
  -0.0084397224
  -0.0013055079
   0.0016706960
   0.0055923671
  -0.0026933067
   0.0020340085
   0.0057697112
   0.0079388924
   0.0096579168
   0.0023406219
  -0.0058947349
  -0.0014527181
   0.0051651417
   0.0073849356
   0.0027157803
   0.0062946787
  -0.0010596016
   0.0030647179
   0.0076100267
   0.0087212462
  -0.0052407121
   0.0011918226
   0.0048806440
   0.0056689055
   0.0062957335
  -0.0027211299
   0.0001510041
   0.0004751783
  -0.0160699860
  -0.0074339781
  -0.0044157366
   0.0025199656
   0.0074531432
  -0.0032291436
  -0.0015986606
  -0.0039878607
  -0.0124621518
   0.0090054642
   0.0090375149
   0.0169103436
   0.0089407934
  -0.0053362688
  -0.0062438194
  -0.0085869277
  -0.0231481743
  -0.0161978505
  -0.0322840984
  -0.0307545222
  -0.0269310274
  -0.0376180624
  -0.0344203582
  -0.0119108231
  -0.0307484677
  -0.0390548879
  -0.0127936697
  -0.0301729889
  -0.0386352451
  -0.0187920261
  -0.0305474454
  -0.0353509758
  -0.0254180220
  -0.0129029660
  -0.0273197526
   0.0100643378
   0.0224502972
   0.0106495074
   0.0228706950
   0.0277807543
   0.0201163820
   0.0042532687
   0.0293934141
   0.0270069305
   0.0204656414
   0.0075418409
   0.0268150651
   0.0288162487
   0.0197405056
   0.0109589971
   0.0215332755
   0.0038635590
   0.0069848917
   0.0099044350
   0.0050194262
   0.0014233173
   0.0053781919
   0.0081333045
   0.0094673286
   0.0154813794
   0.0153995226
  -0.0117746465
  -0.0020733437
   0.0083431182
   0.0087190828
   0.0094693874
   0.0113707335
   0.0090442812
   0.0094546775
   0.0131931351
   0.0092030219
   0.0118391937
   0.0168590012
   0.0089231070
   0.0088858652
   0.0097605556
   0.0117063263
   0.0094077457
   0.0035927116
   0.0082778547
   0.0087653909
   0.0093522222
   0.0039277881
  -0.0061747938
   0.0060772241
   0.0064383558
   0.0013048528
  -0.0112094185
  -0.0305051497
  -0.0111398774
  -0.0056211617
  -0.0152236992
  -0.0056509411
  -0.0029938564
  -0.0034841094
  -0.0193148222
  -0.0069225316
  -0.0029020872
  -0.0032537941
  -0.0139352141
  -0.0062023967
  -0.0047319946
  -0.0083021085
   0.0006368801
   0.0029789515
   0.0050626439
   0.0076391470
  -0.0002574675
   0.0030102642
   0.0052682459
   0.0065245369
   0.0069252496
   0.0008331711
  -0.0048424845
  -0.0033640240
   0.0009611640
   0.0041968099
   0.0046711569
   0.0011262213
   0.0045515545
  -0.0003465453
   0.0004180921
   0.0040946012
   0.0061013687
   0.0073376439
  -0.0059691437
  -0.0008327897
   0.0028041134
   0.0046756288
   0.0053950427
   0.0068903883
  -0.0027229899
   0.0003082437
   0.0019416409
   0.0024488723
   0.0031397983
  -0.0134627498
  -0.0034754451
  -0.0022570878
   0.0003017863
   0.0017600483
   0.0043319650
  -0.0026998613
  -0.0036000681
  -0.0103996915
  -0.0066317255
  -0.0110220205
   0.0077347451
   0.0096950194
   0.0150851551
   0.0079115829
  -0.0053210131
  -0.0056909017
  -0.0170696380
  -0.0086693410
  -0.0227090628
  -0.0255750244
  -0.0181771888
  -0.0281858731
  -0.0290149829
  -0.0069464938
  -0.0218506630
  -0.0300075713
  -0.0288679277
  -0.0082927474
  -0.0214153354
  -0.0295932189
  -0.0279253633
  -0.0135874329
  -0.0233352874
  -0.0273441130
  -0.0206095333
   0.0077127033
   0.0178251947
   0.0076455262
   0.0222392283
   0.0163309283
   0.0049446218
   0.0239062905
   0.0215300476
   0.0163201083
   0.0066273018
   0.0222601594
   0.0233139445
   0.0153516725
   0.0085861031
   0.0172798967
   0.0021413014
   0.0057289139
   0.0086435046
   0.0040283368
   0.0005386313
   0.0042857582
   0.0068290423
   0.0081189364
   0.0143510570
   0.0072405530
   0.0077139494
   0.0085813386
   0.0105733949
   0.0081598594
   0.0091461311
   0.0087443111
   0.0115850903
   0.0157254861
   0.0076312121
   0.0079008922
   0.0088043052
   0.0107755473
   0.0082730676
   0.0071145015
   0.0075389593
   0.0080611251
   0.0029181182
  -0.0067742496
   0.0050378133
   0.0052169144
   0.0004327075
  -0.0144402821
  -0.0069414113
  -0.0046585527
  -0.0193964865
  -0.0083492818
  -0.0041912890
  -0.0032591844
  -0.0228312770
  -0.0099268893
  -0.0045040084
  -0.0031573937
  -0.0137770446
  -0.0065454981
  -0.0045186744
  -0.0007293498
   0.0013152523
   0.0031254592
   0.0049679783
  -0.0020267256
   0.0007278092
   0.0029761659
   0.0045624716
   0.0056110719
   0.0000385356
  -0.0052507758
  -0.0035466344
   0.0002301888
   0.0030172394
   0.0035304558
   0.0002781379
   0.0035407615
  -0.0011499838
  -0.0003661308
   0.0029271456
   0.0049046796
   0.0064554731
  -0.0028969197
   0.0005687013
   0.0027841253
   0.0039638872
   0.0048359220
   0.0069336821
  -0.0012016357
   0.0007190947
   0.0017667946
   0.0023786025
  -0.0107846648
  -0.0043002324
  -0.0022067364
   0.0027832180
   0.0050226855
  -0.0026379944
  -0.0015149932
  -0.0002184416
  -0.0028139620
  -0.0014356926
  -0.0174481665
  -0.0032087026
  -0.0043065272
  -0.0086248588
  -0.0058053020
  -0.0080354504
   0.0061828574
   0.0070913768
   0.0079818409
   0.0152433659
  -0.0038029556
  -0.0117527914
  -0.0040781759
  -0.0146841163
  -0.0189681622
  -0.0165416045
  -0.0112258745
  -0.0200528892
  -0.0230231540
  -0.0199812067
  -0.0096996354
  -0.0191187045
  -0.0240885547
  -0.0236134914
  -0.0068063246
  -0.0170600703
  -0.0235274003
  -0.0243904161
  -0.0012954528
  -0.0081456294
  -0.0165725440
  -0.0226907063
  -0.0235797404
   0.0017052821
  -0.0112461903
  -0.0183528604
  -0.0212227179
  -0.0159899255
   0.0136100376
   0.0056726897
   0.0175878410
   0.0126280441
   0.0035466174
   0.0191787198
   0.0183630226
   0.0142828659
   0.0071431168
   0.0194868632
   0.0199915325
   0.0158869448
   0.0115768450
   0.0039601012
   0.0176369858
   0.0097427928
   0.0038147546
   0.0116603860
   0.0048541252
   0.0071664496
   0.0035867693
   0.0009280407
   0.0036203011
   0.0057790699
   0.0069235869
   0.0112696801
   0.0103850986
   0.0061648855
   0.0067765636
   0.0076396083
   0.0091542450
   0.0069079804
   0.0074577005
   0.0087146169
   0.0118162467
   0.0174825065
   0.0074174056
   0.0084915241
   0.0110182170
   0.0113845716
   0.0065897962
   0.0069414007
   0.0076513824
   0.0089186778
   0.0056587581
   0.0058857178
   0.0061120041
   0.0062785438
   0.0017525663
  -0.0056536781
   0.0037582978
   0.0038979186
  -0.0000940609
  -0.0141368255
  -0.0073498062
  -0.0114367778
  -0.0060704140
  -0.0039592045
  -0.0201451787
  -0.0098037703
  -0.0051395219
  -0.0033566446
  -0.0188004368
  -0.0095264595
  -0.0050139724
  -0.0034764830
  -0.0120014906
  -0.0066346299
   0.0014199742
   0.0029839892
   0.0050400483
   0.0005824410
   0.0021721582
   0.0035473103
   0.0049012722
  -0.0017121813
   0.0005509346
   0.0023829524
   0.0036683468
   0.0044102564
   0.0042294388
  -0.0004460493
  -0.0044327907
  -0.0031161479
  -0.0001562575
   0.0020311393
   0.0024003512
  -0.0002247634
   0.0028765315
  -0.0006470259
  -0.0002763602
   0.0022701607
   0.0040526244
   0.0054795408
  -0.0023000091
   0.0005110829
   0.0023974003
   0.0035702647
   0.0045783751
   0.0064355401
  -0.0016032801
   0.0003934364
   0.0017163969
   0.0025516032
   0.0033450124
  -0.0010834141
   0.0001777195
   0.0010432140
